import numpy as np
from scipy import stats  

#выборка данных 
data = [3, 2, 3, 6, 6, 6, 1, 4, 5, 5, 2, 2, 4, 2, 2, 1, 3, 1, 4, 6,
        1, 5, 1, 3, 1, 1, 2, 5, 3, 5, 4, 4, 6, 2, 1, 3, 5, 1, 1, 2,
        3, 1, 3, 2, 3, 3, 3, 5, 5, 3, 2, 1, 1, 4, 1, 5, 2, 6, 3, 4,
        2, 2, 4, 2, 6, 1, 5, 4, 2, 1, 1, 5, 6, 2, 2, 3, 4, 1, 3, 2,
        5, 3, 6, 2, 4, 4, 4, 5, 6, 2, 4, 6, 4, 1, 1, 4, 6, 2, 6, 1,
        4, 6, 6, 6, 5, 5, 5, 2, 2, 6, 3, 5, 5, 4, 3, 5, 3, 1, 6, 1,
        1, 6, 2, 2, 6, 3, 4, 1, 3, 3, 2, 2, 5, 2, 3, 5, 1, 5, 5, 5,
        6, 5, 2, 6, 4, 3, 1, 3, 4, 3, 5, 4, 3, 1, 6, 2, 6, 5, 5, 2,
        4, 6, 4, 2, 6, 2, 5, 3, 4, 2, 4, 1, 1, 3, 3, 4, 3, 6, 5, 5,
        5, 3, 6, 3, 4, 3, 1, 2, 6, 3, 5, 6, 6, 2, 4, 5, 5, 6, 1, 5,
        5, 5, 5, 2, 2, 6, 6, 6, 6, 3, 2, 6, 6, 5, 3, 6, 5, 6, 4, 3,
        5, 2, 1, 3, 2, 3, 2, 3, 6, 6, 2, 5, 4, 6, 2, 4, 6, 1, 1, 3,
        5, 6, 6, 4, 5, 1, 6, 6, 3, 1, 3, 1, 4, 3, 6, 2, 5, 5, 6, 6,
        1, 1, 2, 6, 4, 3, 2, 3, 5, 1, 4, 3, 3, 1, 2, 4, 3, 5, 5, 5,
        2, 6, 5, 4, 4, 1, 5, 6, 1, 3, 1, 6, 2, 4, 1, 1, 6, 2, 6, 5,
        3, 6, 3, 6, 4, 5, 5, 4, 1, 2, 6, 1, 5, 5, 2, 1, 5, 4, 1, 5,
        3, 5, 1, 5, 1, 6, 5, 2, 4, 5, 1, 6, 6, 5, 2, 6, 3, 5, 4, 1,
        5, 5, 5, 2, 2, 3, 5, 6, 6, 3, 6, 2, 6, 4, 6, 1, 5, 4, 1, 3,
        2, 2, 2, 4, 6, 5, 5, 3, 5, 1, 4, 5, 5, 3, 6, 3, 3, 1, 3, 1,
        5, 4, 3, 1, 2, 3, 4, 5, 3, 2, 2, 1, 6, 6, 2, 2, 1, 1, 2, 6,
        5, 1, 1, 3, 2, 6, 4, 4, 1, 1, 2, 6, 6, 5, 3]

# Вариационный ряд
sorted_data = np.sort(data)

# Гистограмма и полигон
import matplotlib.pyplot as plt

plt.hist(sorted_data, bins=10, edgecolor='k', alpha=0.7, color='blue', label='Гистограмма')
plt.plot(sorted_data, np.linspace(0, 1, len(sorted_data)), color='red', marker='o', linestyle='-', label='Полигон')
plt.xlabel('Значения')
plt.ylabel('Частота')
plt.legend()
plt.show()

#статистические характеристики
mean = np.mean(data)
mode = float(stats.mode(data).mode)  
median = np.median(data)
variance = np.var(data, ddof=1)  # Выборочная дисперсия
std_deviation = np.std(data, ddof=1)  # Стандартное отклонение
coefficient_of_variation = (std_deviation / mean) * 100
range_val = np.max(data) - np.min(data)

print(f'Выборочное среднее: {mean}')
print(f'Мода: {mode}')
print(f'Медиана: {median}')
print(f'Выборочная дисперсия: {variance}')
print(f'Стандартное отклонение: {std_deviation}')
print(f'Коэффициент вариации: {coefficient_of_variation}')
print(f'Размах: {range_val}')
библиотеки matplotlib,numpy,scipy.stats.
